(kicad_pcb (version 20171130) (host pcbnew "(5.1.5-0)")

  (general
    (thickness 1.6)
    (drawings 9)
    (tracks 414)
    (zones 0)
    (modules 57)
    (nets 42)
  )

  (page A4)
  (layers
    (0 F.Cu signal)
    (31 B.Cu signal)
    (32 B.Adhes user)
    (33 F.Adhes user)
    (34 B.Paste user)
    (35 F.Paste user)
    (36 B.SilkS user)
    (37 F.SilkS user)
    (38 B.Mask user)
    (39 F.Mask user)
    (40 Dwgs.User user)
    (41 Cmts.User user)
    (42 Eco1.User user)
    (43 Eco2.User user)
    (44 Edge.Cuts user)
    (45 Margin user)
    (46 B.CrtYd user)
    (47 F.CrtYd user)
    (48 B.Fab user)
    (49 F.Fab user)
  )

  (setup
    (last_trace_width 0.25)
    (trace_clearance 0.2)
    (zone_clearance 0.508)
    (zone_45_only no)
    (trace_min 0.2)
    (via_size 0.8)
    (via_drill 0.4)
    (via_min_size 0.4)
    (via_min_drill 0.3)
    (uvia_size 0.3)
    (uvia_drill 0.1)
    (uvias_allowed no)
    (uvia_min_size 0.2)
    (uvia_min_drill 0.1)
    (edge_width 0.05)
    (segment_width 0.2)
    (pcb_text_width 0.3)
    (pcb_text_size 1.5 1.5)
    (mod_edge_width 0.12)
    (mod_text_size 1 1)
    (mod_text_width 0.15)
    (pad_size 1.524 1.524)
    (pad_drill 0.762)
    (pad_to_mask_clearance 0.051)
    (solder_mask_min_width 0.25)
    (aux_axis_origin 0 0)
    (visible_elements FFFFFFFF)
    (pcbplotparams
      (layerselection 0x010fc_ffffffff)
      (usegerberextensions false)
      (usegerberattributes false)
      (usegerberadvancedattributes false)
      (creategerberjobfile false)
      (excludeedgelayer true)
      (linewidth 0.100000)
      (plotframeref false)
      (viasonmask false)
      (mode 1)
      (useauxorigin false)
      (hpglpennumber 1)
      (hpglpenspeed 20)
      (hpglpendiameter 15.000000)
      (psnegative false)
      (psa4output false)
      (plotreference true)
      (plotvalue true)
      (plotinvisibletext false)
      (padsonsilk false)
      (subtractmaskfromsilk false)
      (outputformat 1)
      (mirror false)
      (drillshape 1)
      (scaleselection 1)
      (outputdirectory ""))
  )

  (net 0 "")
  (net 1 /CHARGER_VDD)
  (net 2 GNDREF)
  (net 3 /V_BAT)
  (net 4 BAT_IN)
  (net 5 +5V)
  (net 6 "Net-(D6-Pad2)")
  (net 7 /CHARGER_STAT)
  (net 8 "Net-(D7-Pad2)")
  (net 9 "Net-(J8-Pad6)")
  (net 10 /CHARGER_PROG)
  (net 11 "Net-(D4-Pad45)")
  (net 12 /UART1_TXD)
  (net 13 /UART1_RXD)
  (net 14 /HST_RXD)
  (net 15 /HST_TXD)
  (net 16 /ACCEL_CS)
  (net 17 /ACCEL_SDO)
  (net 18 /ACCEL_SDA)
  (net 19 "Net-(D4-Pad15)")
  (net 20 /ACCEL_SCL)
  (net 21 /VBAT)
  (net 22 /GPS_RF)
  (net 23 /PWR_CTRL)
  (net 24 "Net-(D4-Pad9)")
  (net 25 "Net-(C1-Pad2)")
  (net 26 "Net-(C21-Pad1)")
  (net 27 /ACCEL_INT2)
  (net 28 /ACCEL_INT1)
  (net 29 /IO8)
  (net 30 /IO9)
  (net 31 /LED_CTL)
  (net 32 "Net-(C18-Pad2)")
  (net 33 "Net-(D2-Pad5)")
  (net 34 "Net-(D2-Pad4)")
  (net 35 "Net-(Q2-Pad1)")
  (net 36 /APW_OUT)
  (net 37 /LX)
  (net 38 /SIM_RST)
  (net 39 /SIM_CLK)
  (net 40 /VSIM)
  (net 41 /SIM_IO)

  (net_class Default "Это класс цепей по умолчанию."
    (clearance 0.2)
    (trace_width 0.25)
    (via_dia 0.8)
    (via_drill 0.4)
    (uvia_dia 0.3)
    (uvia_drill 0.1)
    (add_net /ACCEL_CS)
    (add_net /ACCEL_INT1)
    (add_net /ACCEL_INT2)
    (add_net /ACCEL_SCL)
    (add_net /ACCEL_SDA)
    (add_net /ACCEL_SDO)
    (add_net /CHARGER_PROG)
    (add_net /CHARGER_STAT)
    (add_net /GPS_RF)
    (add_net /HST_RXD)
    (add_net /HST_TXD)
    (add_net /IO8)
    (add_net /IO9)
    (add_net /LED_CTL)
    (add_net /PWR_CTRL)
    (add_net /SIM_CLK)
    (add_net /SIM_IO)
    (add_net /SIM_RST)
    (add_net /UART1_RXD)
    (add_net /UART1_TXD)
    (add_net /VSIM)
    (add_net "Net-(C1-Pad2)")
    (add_net "Net-(C18-Pad2)")
    (add_net "Net-(C21-Pad1)")
    (add_net "Net-(D2-Pad4)")
    (add_net "Net-(D2-Pad5)")
    (add_net "Net-(D3-Pad4)")
    (add_net "Net-(D4-Pad13)")
    (add_net "Net-(D4-Pad14)")
    (add_net "Net-(D4-Pad15)")
    (add_net "Net-(D4-Pad16)")
    (add_net "Net-(D4-Pad17)")
    (add_net "Net-(D4-Pad18)")
    (add_net "Net-(D4-Pad21)")
    (add_net "Net-(D4-Pad22)")
    (add_net "Net-(D4-Pad23)")
    (add_net "Net-(D4-Pad24)")
    (add_net "Net-(D4-Pad25)")
    (add_net "Net-(D4-Pad26)")
    (add_net "Net-(D4-Pad3)")
    (add_net "Net-(D4-Pad30)")
    (add_net "Net-(D4-Pad31)")
    (add_net "Net-(D4-Pad32)")
    (add_net "Net-(D4-Pad33)")
    (add_net "Net-(D4-Pad34)")
    (add_net "Net-(D4-Pad35)")
    (add_net "Net-(D4-Pad36)")
    (add_net "Net-(D4-Pad4)")
    (add_net "Net-(D4-Pad43)")
    (add_net "Net-(D4-Pad45)")
    (add_net "Net-(D4-Pad47)")
    (add_net "Net-(D4-Pad48)")
    (add_net "Net-(D4-Pad49)")
    (add_net "Net-(D4-Pad5)")
    (add_net "Net-(D4-Pad50)")
    (add_net "Net-(D4-Pad6)")
    (add_net "Net-(D4-Pad9)")
    (add_net "Net-(D6-Pad2)")
    (add_net "Net-(D7-Pad2)")
    (add_net "Net-(J8-Pad2)")
    (add_net "Net-(J8-Pad3)")
    (add_net "Net-(J8-Pad6)")
    (add_net "Net-(J9-PadC6)")
    (add_net "Net-(Q2-Pad1)")
    (add_net "Net-(SW1-Pad1)")
    (add_net "Net-(U2-Pad2)")
    (add_net "Net-(U2-Pad3)")
    (add_net "Net-(U5-Pad4)")
  )

  (net_class power ""
    (clearance 0.2)
    (trace_width 0.5)
    (via_dia 0.8)
    (via_drill 0.6)
    (uvia_dia 0.3)
    (uvia_drill 0.1)
    (add_net +5V)
    (add_net /APW_OUT)
    (add_net /CHARGER_VDD)
    (add_net /LX)
    (add_net /VBAT)
    (add_net /V_BAT)
    (add_net BAT_IN)
    (add_net GNDREF)
  )

  (module imported:MOLEX_78646-3001 (layer B.Cu) (tedit 5F69EC27) (tstamp 5F6AA9A9)
    (at 120.14962 97.05594)
    (path /5F6BAE14)
    (fp_text reference J9 (at -4.89734 7.95953) (layer B.SilkS)
      (effects (font (size 1 1) (thickness 0.015)) (justify mirror))
    )
    (fp_text value 78646-3001 (at 2.35891 -8.11094) (layer B.Fab)
      (effects (font (size 1 1) (thickness 0.015)) (justify mirror))
    )
    (fp_line (start 7.725 6.325) (end 7.725 -6.325) (layer B.SilkS) (width 0.127))
    (fp_circle (center -8.795 2.755) (end -8.695 2.755) (layer B.Fab) (width 0.2))
    (fp_line (start -8.12 -7.06) (end -8.12 7.05) (layer B.CrtYd) (width 0.05))
    (fp_line (start 7.975 -7.06) (end -8.12 -7.06) (layer B.CrtYd) (width 0.05))
    (fp_line (start 7.975 7.05) (end 7.975 -7.06) (layer B.CrtYd) (width 0.05))
    (fp_line (start -8.12 7.05) (end 7.975 7.05) (layer B.CrtYd) (width 0.05))
    (fp_circle (center -8.795 2.755) (end -8.695 2.755) (layer B.SilkS) (width 0.2))
    (fp_line (start -7.725 -6.325) (end -6.025 -6.325) (layer B.SilkS) (width 0.127))
    (fp_line (start -7.725 -3) (end -7.725 -6.325) (layer B.SilkS) (width 0.127))
    (fp_line (start -1.795 -6.325) (end 5.205 -6.325) (layer B.SilkS) (width 0.127))
    (fp_line (start -1.295 6.325) (end 4.705 6.325) (layer B.SilkS) (width 0.127))
    (fp_line (start -7.725 6.325) (end -6.025 6.325) (layer B.SilkS) (width 0.127))
    (fp_line (start -7.725 6.325) (end -7.725 5.08) (layer B.SilkS) (width 0.127))
    (fp_line (start 7.725 6.325) (end -7.725 6.325) (layer B.Fab) (width 0.127))
    (fp_line (start 7.725 6.325) (end 7.725 -6.325) (layer B.Fab) (width 0.127))
    (fp_line (start 7.725 -6.325) (end -7.725 -6.325) (layer B.Fab) (width 0.127))
    (fp_line (start -7.725 6.325) (end -7.725 -6.325) (layer B.Fab) (width 0.127))
    (pad X1 smd rect (at 5.855 2.54) (size 0.8 0.54) (layers B.Cu B.Paste B.Mask))
    (pad X2 smd rect (at 5.855 -2.54) (size 0.8 0.54) (layers B.Cu B.Paste B.Mask))
    (pad G3 smd rect (at -5.125 -6.27) (size 1.3 0.45) (layers B.Cu B.Paste B.Mask)
      (net 2 GNDREF))
    (pad G4 smd rect (at -3.125 -6.27) (size 1.3 0.45) (layers B.Cu B.Paste B.Mask)
      (net 2 GNDREF))
    (pad G5 smd rect (at 6.435 -6.105) (size 1.7 1.4) (layers B.Cu B.Paste B.Mask)
      (net 2 GNDREF))
    (pad G6 smd rect (at 6.435 6.105) (size 1.7 1.4) (layers B.Cu B.Paste B.Mask)
      (net 2 GNDREF))
    (pad G2 smd rect (at -3.125 6.27) (size 1.3 0.45) (layers B.Cu B.Paste B.Mask)
      (net 2 GNDREF))
    (pad G1 smd rect (at -5.125 6.27) (size 1.3 0.45) (layers B.Cu B.Paste B.Mask)
      (net 2 GNDREF))
    (pad C7 smd rect (at -7.295 -1.055) (size 1.15 0.65) (layers B.Cu B.Paste B.Mask)
      (net 41 /SIM_IO))
    (pad C6 smd rect (at -7.295 1.485) (size 1.15 0.65) (layers B.Cu B.Paste B.Mask))
    (pad C5 smd rect (at -7.295 4.025) (size 1.15 0.65) (layers B.Cu B.Paste B.Mask)
      (net 2 GNDREF))
    (pad C3 smd rect (at -7.295 -2.325) (size 1.15 0.65) (layers B.Cu B.Paste B.Mask)
      (net 39 /SIM_CLK))
    (pad C2 smd rect (at -7.295 0.215) (size 1.15 0.65) (layers B.Cu B.Paste B.Mask)
      (net 38 /SIM_RST))
    (pad C1 smd rect (at -7.295 2.755) (size 1.15 0.65) (layers B.Cu B.Paste B.Mask)
      (net 40 /VSIM))
  )

  (module Capacitor_SMD:C_0402_1005Metric (layer B.Cu) (tedit 5B301BBE) (tstamp 5F6A3F30)
    (at 98.89998 101.68636 90)
    (descr "Capacitor SMD 0402 (1005 Metric), square (rectangular) end terminal, IPC_7351 nominal, (Body size source: http://www.tortai-tech.com/upload/download/2011102023233369053.pdf), generated with kicad-footprint-generator")
    (tags capacitor)
    (path /5F6FBFA4)
    (attr smd)
    (fp_text reference C23 (at -2.13868 5.26034) (layer B.SilkS)
      (effects (font (size 1 1) (thickness 0.15)) (justify mirror))
    )
    (fp_text value 150nF (at 0 -1.17 90) (layer B.Fab)
      (effects (font (size 1 1) (thickness 0.15)) (justify mirror))
    )
    (fp_text user %R (at 0 0 90) (layer B.Fab)
      (effects (font (size 0.25 0.25) (thickness 0.04)) (justify mirror))
    )
    (fp_line (start 0.93 -0.47) (end -0.93 -0.47) (layer B.CrtYd) (width 0.05))
    (fp_line (start 0.93 0.47) (end 0.93 -0.47) (layer B.CrtYd) (width 0.05))
    (fp_line (start -0.93 0.47) (end 0.93 0.47) (layer B.CrtYd) (width 0.05))
    (fp_line (start -0.93 -0.47) (end -0.93 0.47) (layer B.CrtYd) (width 0.05))
    (fp_line (start 0.5 -0.25) (end -0.5 -0.25) (layer B.Fab) (width 0.1))
    (fp_line (start 0.5 0.25) (end 0.5 -0.25) (layer B.Fab) (width 0.1))
    (fp_line (start -0.5 0.25) (end 0.5 0.25) (layer B.Fab) (width 0.1))
    (fp_line (start -0.5 -0.25) (end -0.5 0.25) (layer B.Fab) (width 0.1))
    (pad 2 smd roundrect (at 0.485 0 90) (size 0.59 0.64) (layers B.Cu B.Paste B.Mask) (roundrect_rratio 0.25)
      (net 4 BAT_IN))
    (pad 1 smd roundrect (at -0.485 0 90) (size 0.59 0.64) (layers B.Cu B.Paste B.Mask) (roundrect_rratio 0.25)
      (net 2 GNDREF))
    (model ${KISYS3DMOD}/Capacitor_SMD.3dshapes/C_0402_1005Metric.wrl
      (at (xyz 0 0 0))
      (scale (xyz 1 1 1))
      (rotate (xyz 0 0 0))
    )
  )

  (module Capacitor_SMD:C_0603_1608Metric (layer B.Cu) (tedit 5B301BBE) (tstamp 5F6A3F21)
    (at 101.0539 103.6447 180)
    (descr "Capacitor SMD 0603 (1608 Metric), square (rectangular) end terminal, IPC_7351 nominal, (Body size source: http://www.tortai-tech.com/upload/download/2011102023233369053.pdf), generated with kicad-footprint-generator")
    (tags capacitor)
    (path /5F6ECB47)
    (attr smd)
    (fp_text reference C22 (at 3.23342 3.10134 90) (layer B.SilkS)
      (effects (font (size 1 1) (thickness 0.15)) (justify mirror))
    )
    (fp_text value 10uF (at 0 -1.43) (layer B.Fab)
      (effects (font (size 1 1) (thickness 0.15)) (justify mirror))
    )
    (fp_text user %R (at 0 0) (layer F.Fab)
      (effects (font (size 0.4 0.4) (thickness 0.06)))
    )
    (fp_line (start 1.48 -0.73) (end -1.48 -0.73) (layer B.CrtYd) (width 0.05))
    (fp_line (start 1.48 0.73) (end 1.48 -0.73) (layer B.CrtYd) (width 0.05))
    (fp_line (start -1.48 0.73) (end 1.48 0.73) (layer B.CrtYd) (width 0.05))
    (fp_line (start -1.48 -0.73) (end -1.48 0.73) (layer B.CrtYd) (width 0.05))
    (fp_line (start -0.162779 -0.51) (end 0.162779 -0.51) (layer B.SilkS) (width 0.12))
    (fp_line (start -0.162779 0.51) (end 0.162779 0.51) (layer B.SilkS) (width 0.12))
    (fp_line (start 0.8 -0.4) (end -0.8 -0.4) (layer B.Fab) (width 0.1))
    (fp_line (start 0.8 0.4) (end 0.8 -0.4) (layer B.Fab) (width 0.1))
    (fp_line (start -0.8 0.4) (end 0.8 0.4) (layer B.Fab) (width 0.1))
    (fp_line (start -0.8 -0.4) (end -0.8 0.4) (layer B.Fab) (width 0.1))
    (pad 2 smd roundrect (at 0.7875 0 180) (size 0.875 0.95) (layers B.Cu B.Paste B.Mask) (roundrect_rratio 0.25)
      (net 4 BAT_IN))
    (pad 1 smd roundrect (at -0.7875 0 180) (size 0.875 0.95) (layers B.Cu B.Paste B.Mask) (roundrect_rratio 0.25)
      (net 2 GNDREF))
    (model ${KISYS3DMOD}/Capacitor_SMD.3dshapes/C_0603_1608Metric.wrl
      (at (xyz 0 0 0))
      (scale (xyz 1 1 1))
      (rotate (xyz 0 0 0))
    )
  )

  (module Capacitor_SMD:C_0603_1608Metric (layer F.Cu) (tedit 5B301BBE) (tstamp 5F65129E)
    (at 125.34138 99.78296 90)
    (descr "Capacitor SMD 0603 (1608 Metric), square (rectangular) end terminal, IPC_7351 nominal, (Body size source: http://www.tortai-tech.com/upload/download/2011102023233369053.pdf), generated with kicad-footprint-generator")
    (tags capacitor)
    (path /5F6131F1)
    (attr smd)
    (fp_text reference C21 (at 0 -1.43 90) (layer F.SilkS)
      (effects (font (size 1 1) (thickness 0.15)))
    )
    (fp_text value 4.7uF (at 0 1.43 90) (layer F.Fab)
      (effects (font (size 1 1) (thickness 0.15)))
    )
    (fp_text user %R (at 0 0 90) (layer F.Fab)
      (effects (font (size 0.4 0.4) (thickness 0.06)))
    )
    (fp_line (start 1.48 0.73) (end -1.48 0.73) (layer F.CrtYd) (width 0.05))
    (fp_line (start 1.48 -0.73) (end 1.48 0.73) (layer F.CrtYd) (width 0.05))
    (fp_line (start -1.48 -0.73) (end 1.48 -0.73) (layer F.CrtYd) (width 0.05))
    (fp_line (start -1.48 0.73) (end -1.48 -0.73) (layer F.CrtYd) (width 0.05))
    (fp_line (start -0.162779 0.51) (end 0.162779 0.51) (layer F.SilkS) (width 0.12))
    (fp_line (start -0.162779 -0.51) (end 0.162779 -0.51) (layer F.SilkS) (width 0.12))
    (fp_line (start 0.8 0.4) (end -0.8 0.4) (layer F.Fab) (width 0.1))
    (fp_line (start 0.8 -0.4) (end 0.8 0.4) (layer F.Fab) (width 0.1))
    (fp_line (start -0.8 -0.4) (end 0.8 -0.4) (layer F.Fab) (width 0.1))
    (fp_line (start -0.8 0.4) (end -0.8 -0.4) (layer F.Fab) (width 0.1))
    (pad 2 smd roundrect (at 0.7875 0 90) (size 0.875 0.95) (layers F.Cu F.Paste F.Mask) (roundrect_rratio 0.25)
      (net 2 GNDREF))
    (pad 1 smd roundrect (at -0.7875 0 90) (size 0.875 0.95) (layers F.Cu F.Paste F.Mask) (roundrect_rratio 0.25)
      (net 26 "Net-(C21-Pad1)"))
    (model ${KISYS3DMOD}/Capacitor_SMD.3dshapes/C_0603_1608Metric.wrl
      (at (xyz 0 0 0))
      (scale (xyz 1 1 1))
      (rotate (xyz 0 0 0))
    )
  )

  (module Capacitor_SMD:C_0603_1608Metric (layer B.Cu) (tedit 5B301BBE) (tstamp 5F64DD3B)
    (at 110.28934 91.18346 270)
    (descr "Capacitor SMD 0603 (1608 Metric), square (rectangular) end terminal, IPC_7351 nominal, (Body size source: http://www.tortai-tech.com/upload/download/2011102023233369053.pdf), generated with kicad-footprint-generator")
    (tags capacitor)
    (path /5F7C93B8)
    (attr smd)
    (fp_text reference C20 (at 0 1.43 90) (layer B.SilkS)
      (effects (font (size 1 1) (thickness 0.15)) (justify mirror))
    )
    (fp_text value 4.7u (at 0 -1.43 90) (layer B.Fab)
      (effects (font (size 1 1) (thickness 0.15)) (justify mirror))
    )
    (fp_text user %R (at 0 0 90) (layer B.Fab)
      (effects (font (size 0.4 0.4) (thickness 0.06)) (justify mirror))
    )
    (fp_line (start 1.48 -0.73) (end -1.48 -0.73) (layer B.CrtYd) (width 0.05))
    (fp_line (start 1.48 0.73) (end 1.48 -0.73) (layer B.CrtYd) (width 0.05))
    (fp_line (start -1.48 0.73) (end 1.48 0.73) (layer B.CrtYd) (width 0.05))
    (fp_line (start -1.48 -0.73) (end -1.48 0.73) (layer B.CrtYd) (width 0.05))
    (fp_line (start -0.162779 -0.51) (end 0.162779 -0.51) (layer B.SilkS) (width 0.12))
    (fp_line (start -0.162779 0.51) (end 0.162779 0.51) (layer B.SilkS) (width 0.12))
    (fp_line (start 0.8 -0.4) (end -0.8 -0.4) (layer B.Fab) (width 0.1))
    (fp_line (start 0.8 0.4) (end 0.8 -0.4) (layer B.Fab) (width 0.1))
    (fp_line (start -0.8 0.4) (end 0.8 0.4) (layer B.Fab) (width 0.1))
    (fp_line (start -0.8 -0.4) (end -0.8 0.4) (layer B.Fab) (width 0.1))
    (pad 2 smd roundrect (at 0.7875 0 270) (size 0.875 0.95) (layers B.Cu B.Paste B.Mask) (roundrect_rratio 0.25)
      (net 2 GNDREF))
    (pad 1 smd roundrect (at -0.7875 0 270) (size 0.875 0.95) (layers B.Cu B.Paste B.Mask) (roundrect_rratio 0.25)
      (net 25 "Net-(C1-Pad2)"))
    (model ${KISYS3DMOD}/Capacitor_SMD.3dshapes/C_0603_1608Metric.wrl
      (at (xyz 0 0 0))
      (scale (xyz 1 1 1))
      (rotate (xyz 0 0 0))
    )
  )

  (module Capacitor_SMD:C_0402_1005Metric (layer F.Cu) (tedit 5B301BBE) (tstamp 5F501F5E)
    (at 101.29266 101.51364 90)
    (descr "Capacitor SMD 0402 (1005 Metric), square (rectangular) end terminal, IPC_7351 nominal, (Body size source: http://www.tortai-tech.com/upload/download/2011102023233369053.pdf), generated with kicad-footprint-generator")
    (tags capacitor)
    (path /5F525B81)
    (attr smd)
    (fp_text reference C14 (at 0 -1.17 90) (layer F.SilkS)
      (effects (font (size 1 1) (thickness 0.15)))
    )
    (fp_text value 10pF (at 0 1.17 90) (layer F.Fab)
      (effects (font (size 1 1) (thickness 0.15)))
    )
    (fp_text user %R (at 0 0 90) (layer F.Fab)
      (effects (font (size 0.25 0.25) (thickness 0.04)))
    )
    (fp_line (start 0.93 0.47) (end -0.93 0.47) (layer F.CrtYd) (width 0.05))
    (fp_line (start 0.93 -0.47) (end 0.93 0.47) (layer F.CrtYd) (width 0.05))
    (fp_line (start -0.93 -0.47) (end 0.93 -0.47) (layer F.CrtYd) (width 0.05))
    (fp_line (start -0.93 0.47) (end -0.93 -0.47) (layer F.CrtYd) (width 0.05))
    (fp_line (start 0.5 0.25) (end -0.5 0.25) (layer F.Fab) (width 0.1))
    (fp_line (start 0.5 -0.25) (end 0.5 0.25) (layer F.Fab) (width 0.1))
    (fp_line (start -0.5 -0.25) (end 0.5 -0.25) (layer F.Fab) (width 0.1))
    (fp_line (start -0.5 0.25) (end -0.5 -0.25) (layer F.Fab) (width 0.1))
    (pad 2 smd roundrect (at 0.485 0 90) (size 0.59 0.64) (layers F.Cu F.Paste F.Mask) (roundrect_rratio 0.25)
      (net 2 GNDREF))
    (pad 1 smd roundrect (at -0.485 0 90) (size 0.59 0.64) (layers F.Cu F.Paste F.Mask) (roundrect_rratio 0.25)
      (net 21 /VBAT))
    (model ${KISYS3DMOD}/Capacitor_SMD.3dshapes/C_0402_1005Metric.wrl
      (at (xyz 0 0 0))
      (scale (xyz 1 1 1))
      (rotate (xyz 0 0 0))
    )
  )

  (module Capacitor_SMD:C_0201_0603Metric (layer F.Cu) (tedit 5B301BBE) (tstamp 5F4FC0E9)
    (at 101.46284 103.52028 270)
    (descr "Capacitor SMD 0201 (0603 Metric), square (rectangular) end terminal, IPC_7351 nominal, (Body size source: https://www.vishay.com/docs/20052/crcw0201e3.pdf), generated with kicad-footprint-generator")
    (tags capacitor)
    (path /5F520BC8)
    (attr smd)
    (fp_text reference C13 (at 0 -1.05 90) (layer F.SilkS)
      (effects (font (size 1 1) (thickness 0.15)))
    )
    (fp_text value 33pF (at 0 1.05 90) (layer F.Fab)
      (effects (font (size 1 1) (thickness 0.15)))
    )
    (fp_text user %R (at 0 -0.68 90) (layer F.Fab)
      (effects (font (size 0.25 0.25) (thickness 0.04)))
    )
    (fp_line (start 0.7 0.35) (end -0.7 0.35) (layer F.CrtYd) (width 0.05))
    (fp_line (start 0.7 -0.35) (end 0.7 0.35) (layer F.CrtYd) (width 0.05))
    (fp_line (start -0.7 -0.35) (end 0.7 -0.35) (layer F.CrtYd) (width 0.05))
    (fp_line (start -0.7 0.35) (end -0.7 -0.35) (layer F.CrtYd) (width 0.05))
    (fp_line (start 0.3 0.15) (end -0.3 0.15) (layer F.Fab) (width 0.1))
    (fp_line (start 0.3 -0.15) (end 0.3 0.15) (layer F.Fab) (width 0.1))
    (fp_line (start -0.3 -0.15) (end 0.3 -0.15) (layer F.Fab) (width 0.1))
    (fp_line (start -0.3 0.15) (end -0.3 -0.15) (layer F.Fab) (width 0.1))
    (pad 2 smd roundrect (at 0.32 0 270) (size 0.46 0.4) (layers F.Cu F.Mask) (roundrect_rratio 0.25)
      (net 2 GNDREF))
    (pad 1 smd roundrect (at -0.32 0 270) (size 0.46 0.4) (layers F.Cu F.Mask) (roundrect_rratio 0.25)
      (net 21 /VBAT))
    (pad "" smd roundrect (at 0.345 0 270) (size 0.318 0.36) (layers F.Paste) (roundrect_rratio 0.25))
    (pad "" smd roundrect (at -0.345 0 270) (size 0.318 0.36) (layers F.Paste) (roundrect_rratio 0.25))
    (model ${KISYS3DMOD}/Capacitor_SMD.3dshapes/C_0201_0603Metric.wrl
      (at (xyz 0 0 0))
      (scale (xyz 1 1 1))
      (rotate (xyz 0 0 0))
    )
  )

  (module Capacitor_SMD:C_0603_1608Metric (layer F.Cu) (tedit 5B301BBE) (tstamp 5F650781)
    (at 99.93884 100.97516 90)
    (descr "Capacitor SMD 0603 (1608 Metric), square (rectangular) end terminal, IPC_7351 nominal, (Body size source: http://www.tortai-tech.com/upload/download/2011102023233369053.pdf), generated with kicad-footprint-generator")
    (tags capacitor)
    (path /5F3D5D91)
    (attr smd)
    (fp_text reference C8 (at 0 -1.43 90) (layer F.SilkS)
      (effects (font (size 1 1) (thickness 0.15)))
    )
    (fp_text value 1uF (at 0 1.43 90) (layer F.Fab)
      (effects (font (size 1 1) (thickness 0.15)))
    )
    (fp_text user %R (at 0 0 90) (layer F.Fab)
      (effects (font (size 0.4 0.4) (thickness 0.06)))
    )
    (fp_line (start 1.48 0.73) (end -1.48 0.73) (layer F.CrtYd) (width 0.05))
    (fp_line (start 1.48 -0.73) (end 1.48 0.73) (layer F.CrtYd) (width 0.05))
    (fp_line (start -1.48 -0.73) (end 1.48 -0.73) (layer F.CrtYd) (width 0.05))
    (fp_line (start -1.48 0.73) (end -1.48 -0.73) (layer F.CrtYd) (width 0.05))
    (fp_line (start -0.162779 0.51) (end 0.162779 0.51) (layer F.SilkS) (width 0.12))
    (fp_line (start -0.162779 -0.51) (end 0.162779 -0.51) (layer F.SilkS) (width 0.12))
    (fp_line (start 0.8 0.4) (end -0.8 0.4) (layer F.Fab) (width 0.1))
    (fp_line (start 0.8 -0.4) (end 0.8 0.4) (layer F.Fab) (width 0.1))
    (fp_line (start -0.8 -0.4) (end 0.8 -0.4) (layer F.Fab) (width 0.1))
    (fp_line (start -0.8 0.4) (end -0.8 -0.4) (layer F.Fab) (width 0.1))
    (pad 2 smd roundrect (at 0.7875 0 90) (size 0.875 0.95) (layers F.Cu F.Paste F.Mask) (roundrect_rratio 0.25)
      (net 2 GNDREF))
    (pad 1 smd roundrect (at -0.7875 0 90) (size 0.875 0.95) (layers F.Cu F.Paste F.Mask) (roundrect_rratio 0.25)
      (net 21 /VBAT))
    (model ${KISYS3DMOD}/Capacitor_SMD.3dshapes/C_0603_1608Metric.wrl
      (at (xyz 0 0 0))
      (scale (xyz 1 1 1))
      (rotate (xyz 0 0 0))
    )
  )

  (module Capacitor_SMD:C_0603_1608Metric (layer B.Cu) (tedit 5B301BBE) (tstamp 5F4DC0E3)
    (at 120.01848 74.65568)
    (descr "Capacitor SMD 0603 (1608 Metric), square (rectangular) end terminal, IPC_7351 nominal, (Body size source: http://www.tortai-tech.com/upload/download/2011102023233369053.pdf), generated with kicad-footprint-generator")
    (tags capacitor)
    (path /5F3D5D20)
    (attr smd)
    (fp_text reference C7 (at 0 1.43) (layer B.SilkS)
      (effects (font (size 1 1) (thickness 0.15)) (justify mirror))
    )
    (fp_text value 4.7uF (at 0 -1.43) (layer B.Fab)
      (effects (font (size 1 1) (thickness 0.15)) (justify mirror))
    )
    (fp_text user %R (at 0 0) (layer B.Fab)
      (effects (font (size 0.4 0.4) (thickness 0.06)) (justify mirror))
    )
    (fp_line (start 1.48 -0.73) (end -1.48 -0.73) (layer B.CrtYd) (width 0.05))
    (fp_line (start 1.48 0.73) (end 1.48 -0.73) (layer B.CrtYd) (width 0.05))
    (fp_line (start -1.48 0.73) (end 1.48 0.73) (layer B.CrtYd) (width 0.05))
    (fp_line (start -1.48 -0.73) (end -1.48 0.73) (layer B.CrtYd) (width 0.05))
    (fp_line (start -0.162779 -0.51) (end 0.162779 -0.51) (layer B.SilkS) (width 0.12))
    (fp_line (start -0.162779 0.51) (end 0.162779 0.51) (layer B.SilkS) (width 0.12))
    (fp_line (start 0.8 -0.4) (end -0.8 -0.4) (layer B.Fab) (width 0.1))
    (fp_line (start 0.8 0.4) (end 0.8 -0.4) (layer B.Fab) (width 0.1))
    (fp_line (start -0.8 0.4) (end 0.8 0.4) (layer B.Fab) (width 0.1))
    (fp_line (start -0.8 -0.4) (end -0.8 0.4) (layer B.Fab) (width 0.1))
    (pad 2 smd roundrect (at 0.7875 0) (size 0.875 0.95) (layers B.Cu B.Paste B.Mask) (roundrect_rratio 0.25)
      (net 2 GNDREF))
    (pad 1 smd roundrect (at -0.7875 0) (size 0.875 0.95) (layers B.Cu B.Paste B.Mask) (roundrect_rratio 0.25)
      (net 3 /V_BAT))
    (model ${KISYS3DMOD}/Capacitor_SMD.3dshapes/C_0603_1608Metric.wrl
      (at (xyz 0 0 0))
      (scale (xyz 1 1 1))
      (rotate (xyz 0 0 0))
    )
  )

  (module Capacitor_SMD:C_0603_1608Metric (layer B.Cu) (tedit 5B301BBE) (tstamp 5F65004D)
    (at 116.49964 79.95318 90)
    (descr "Capacitor SMD 0603 (1608 Metric), square (rectangular) end terminal, IPC_7351 nominal, (Body size source: http://www.tortai-tech.com/upload/download/2011102023233369053.pdf), generated with kicad-footprint-generator")
    (tags capacitor)
    (path /5F3D5D2D)
    (attr smd)
    (fp_text reference C6 (at 0 1.43 90) (layer B.SilkS)
      (effects (font (size 1 1) (thickness 0.15)) (justify mirror))
    )
    (fp_text value C (at 0 -1.43 90) (layer B.Fab)
      (effects (font (size 1 1) (thickness 0.15)) (justify mirror))
    )
    (fp_text user %R (at 0 0 90) (layer B.Fab)
      (effects (font (size 0.4 0.4) (thickness 0.06)) (justify mirror))
    )
    (fp_line (start 1.48 -0.73) (end -1.48 -0.73) (layer B.CrtYd) (width 0.05))
    (fp_line (start 1.48 0.73) (end 1.48 -0.73) (layer B.CrtYd) (width 0.05))
    (fp_line (start -1.48 0.73) (end 1.48 0.73) (layer B.CrtYd) (width 0.05))
    (fp_line (start -1.48 -0.73) (end -1.48 0.73) (layer B.CrtYd) (width 0.05))
    (fp_line (start -0.162779 -0.51) (end 0.162779 -0.51) (layer B.SilkS) (width 0.12))
    (fp_line (start -0.162779 0.51) (end 0.162779 0.51) (layer B.SilkS) (width 0.12))
    (fp_line (start 0.8 -0.4) (end -0.8 -0.4) (layer B.Fab) (width 0.1))
    (fp_line (start 0.8 0.4) (end 0.8 -0.4) (layer B.Fab) (width 0.1))
    (fp_line (start -0.8 0.4) (end 0.8 0.4) (layer B.Fab) (width 0.1))
    (fp_line (start -0.8 -0.4) (end -0.8 0.4) (layer B.Fab) (width 0.1))
    (pad 2 smd roundrect (at 0.7875 0 90) (size 0.875 0.95) (layers B.Cu B.Paste B.Mask) (roundrect_rratio 0.25)
      (net 1 /CHARGER_VDD))
    (pad 1 smd roundrect (at -0.7875 0 90) (size 0.875 0.95) (layers B.Cu B.Paste B.Mask) (roundrect_rratio 0.25)
      (net 2 GNDREF))
    (model ${KISYS3DMOD}/Capacitor_SMD.3dshapes/C_0603_1608Metric.wrl
      (at (xyz 0 0 0))
      (scale (xyz 1 1 1))
      (rotate (xyz 0 0 0))
    )
  )

  (module Capacitor_SMD:C_0603_1608Metric (layer F.Cu) (tedit 5B301BBE) (tstamp 5F5815D9)
    (at 122.32386 109.20128 270)
    (descr "Capacitor SMD 0603 (1608 Metric), square (rectangular) end terminal, IPC_7351 nominal, (Body size source: http://www.tortai-tech.com/upload/download/2011102023233369053.pdf), generated with kicad-footprint-generator")
    (tags capacitor)
    (path /5F613A69)
    (attr smd)
    (fp_text reference C5 (at 0 -1.43 90) (layer F.SilkS)
      (effects (font (size 1 1) (thickness 0.15)))
    )
    (fp_text value 4.7uF (at 0 1.43 90) (layer F.Fab)
      (effects (font (size 1 1) (thickness 0.15)))
    )
    (fp_text user %R (at 0 0 90) (layer F.Fab)
      (effects (font (size 0.4 0.4) (thickness 0.06)))
    )
    (fp_line (start 1.48 0.73) (end -1.48 0.73) (layer F.CrtYd) (width 0.05))
    (fp_line (start 1.48 -0.73) (end 1.48 0.73) (layer F.CrtYd) (width 0.05))
    (fp_line (start -1.48 -0.73) (end 1.48 -0.73) (layer F.CrtYd) (width 0.05))
    (fp_line (start -1.48 0.73) (end -1.48 -0.73) (layer F.CrtYd) (width 0.05))
    (fp_line (start -0.162779 0.51) (end 0.162779 0.51) (layer F.SilkS) (width 0.12))
    (fp_line (start -0.162779 -0.51) (end 0.162779 -0.51) (layer F.SilkS) (width 0.12))
    (fp_line (start 0.8 0.4) (end -0.8 0.4) (layer F.Fab) (width 0.1))
    (fp_line (start 0.8 -0.4) (end 0.8 0.4) (layer F.Fab) (width 0.1))
    (fp_line (start -0.8 -0.4) (end 0.8 -0.4) (layer F.Fab) (width 0.1))
    (fp_line (start -0.8 0.4) (end -0.8 -0.4) (layer F.Fab) (width 0.1))
    (pad 2 smd roundrect (at 0.7875 0 270) (size 0.875 0.95) (layers F.Cu F.Paste F.Mask) (roundrect_rratio 0.25)
      (net 2 GNDREF))
    (pad 1 smd roundrect (at -0.7875 0 270) (size 0.875 0.95) (layers F.Cu F.Paste F.Mask) (roundrect_rratio 0.25)
      (net 21 /VBAT))
    (model ${KISYS3DMOD}/Capacitor_SMD.3dshapes/C_0603_1608Metric.wrl
      (at (xyz 0 0 0))
      (scale (xyz 1 1 1))
      (rotate (xyz 0 0 0))
    )
  )

  (module Capacitor_SMD:C_0402_1005Metric (layer B.Cu) (tedit 5B301BBE) (tstamp 5F52ADE8)
    (at 109.07268 94.14002)
    (descr "Capacitor SMD 0402 (1005 Metric), square (rectangular) end terminal, IPC_7351 nominal, (Body size source: http://www.tortai-tech.com/upload/download/2011102023233369053.pdf), generated with kicad-footprint-generator")
    (tags capacitor)
    (path /5F56E883)
    (attr smd)
    (fp_text reference C2 (at 0 1.17) (layer B.SilkS)
      (effects (font (size 1 1) (thickness 0.15)) (justify mirror))
    )
    (fp_text value 100nF (at 0 -1.17) (layer B.Fab)
      (effects (font (size 1 1) (thickness 0.15)) (justify mirror))
    )
    (fp_text user %R (at 0 0) (layer B.Fab)
      (effects (font (size 0.25 0.25) (thickness 0.04)) (justify mirror))
    )
    (fp_line (start 0.93 -0.47) (end -0.93 -0.47) (layer B.CrtYd) (width 0.05))
    (fp_line (start 0.93 0.47) (end 0.93 -0.47) (layer B.CrtYd) (width 0.05))
    (fp_line (start -0.93 0.47) (end 0.93 0.47) (layer B.CrtYd) (width 0.05))
    (fp_line (start -0.93 -0.47) (end -0.93 0.47) (layer B.CrtYd) (width 0.05))
    (fp_line (start 0.5 -0.25) (end -0.5 -0.25) (layer B.Fab) (width 0.1))
    (fp_line (start 0.5 0.25) (end 0.5 -0.25) (layer B.Fab) (width 0.1))
    (fp_line (start -0.5 0.25) (end 0.5 0.25) (layer B.Fab) (width 0.1))
    (fp_line (start -0.5 -0.25) (end -0.5 0.25) (layer B.Fab) (width 0.1))
    (pad 2 smd roundrect (at 0.485 0) (size 0.59 0.64) (layers B.Cu B.Paste B.Mask) (roundrect_rratio 0.25)
      (net 25 "Net-(C1-Pad2)"))
    (pad 1 smd roundrect (at -0.485 0) (size 0.59 0.64) (layers B.Cu B.Paste B.Mask) (roundrect_rratio 0.25)
      (net 2 GNDREF))
    (model ${KISYS3DMOD}/Capacitor_SMD.3dshapes/C_0402_1005Metric.wrl
      (at (xyz 0 0 0))
      (scale (xyz 1 1 1))
      (rotate (xyz 0 0 0))
    )
  )

  (module MountingHole:MountingHole_2.2mm_M2 (layer F.Cu) (tedit 56D1B4CB) (tstamp 5F6AFA41)
    (at 111.31296 68.56984)
    (descr "Mounting Hole 2.2mm, no annular, M2")
    (tags "mounting hole 2.2mm no annular m2")
    (path /5F68C213)
    (attr virtual)
    (fp_text reference H4 (at 3.66522 -1.01854) (layer F.SilkS)
      (effects (font (size 1 1) (thickness 0.15)))
    )
    (fp_text value MountingHole (at 0 3.2) (layer F.Fab)
      (effects (font (size 1 1) (thickness 0.15)))
    )
    (fp_circle (center 0 0) (end 2.45 0) (layer F.CrtYd) (width 0.05))
    (fp_circle (center 0 0) (end 2.2 0) (layer Cmts.User) (width 0.15))
    (fp_text user %R (at 0.3 0) (layer F.Fab)
      (effects (font (size 1 1) (thickness 0.15)))
    )
    (pad 1 np_thru_hole circle (at 0 0) (size 2.2 2.2) (drill 2.2) (layers *.Cu *.Mask))
  )

  (module MountingHole:MountingHole_2.2mm_M2 (layer F.Cu) (tedit 56D1B4CB) (tstamp 5F681F7A)
    (at 87.88146 110.23854)
    (descr "Mounting Hole 2.2mm, no annular, M2")
    (tags "mounting hole 2.2mm no annular m2")
    (path /5F68BEBB)
    (attr virtual)
    (fp_text reference H3 (at 0 -3.2) (layer F.SilkS)
      (effects (font (size 1 1) (thickness 0.15)))
    )
    (fp_text value MountingHole (at 0 3.2) (layer F.Fab)
      (effects (font (size 1 1) (thickness 0.15)))
    )
    (fp_circle (center 0 0) (end 2.45 0) (layer F.CrtYd) (width 0.05))
    (fp_circle (center 0 0) (end 2.2 0) (layer Cmts.User) (width 0.15))
    (fp_text user %R (at 0.3 0) (layer F.Fab)
      (effects (font (size 1 1) (thickness 0.15)))
    )
    (pad 1 np_thru_hole circle (at 0 0) (size 2.2 2.2) (drill 2.2) (layers *.Cu *.Mask))
  )

  (module MountingHole:MountingHole_2.2mm_M2 (layer F.Cu) (tedit 56D1B4CB) (tstamp 5F681F72)
    (at 125.42012 110.18774)
    (descr "Mounting Hole 2.2mm, no annular, M2")
    (tags "mounting hole 2.2mm no annular m2")
    (path /5F68BCA6)
    (attr virtual)
    (fp_text reference H2 (at 0 -3.2) (layer F.SilkS)
      (effects (font (size 1 1) (thickness 0.15)))
    )
    (fp_text value MountingHole (at 0 3.2) (layer F.Fab)
      (effects (font (size 1 1) (thickness 0.15)))
    )
    (fp_circle (center 0 0) (end 2.45 0) (layer F.CrtYd) (width 0.05))
    (fp_circle (center 0 0) (end 2.2 0) (layer Cmts.User) (width 0.15))
    (fp_text user %R (at 0.3 0) (layer F.Fab)
      (effects (font (size 1 1) (thickness 0.15)))
    )
    (pad 1 np_thru_hole circle (at 0 0) (size 2.2 2.2) (drill 2.2) (layers *.Cu *.Mask))
  )

  (module MountingHole:MountingHole_2.2mm_M2 (layer F.Cu) (tedit 56D1B4CB) (tstamp 5F6828A3)
    (at 88.87206 69.68998)
    (descr "Mounting Hole 2.2mm, no annular, M2")
    (tags "mounting hole 2.2mm no annular m2")
    (path /5F68B9F8)
    (attr virtual)
    (fp_text reference H1 (at 3.55854 -0.24638) (layer F.SilkS)
      (effects (font (size 1 1) (thickness 0.15)))
    )
    (fp_text value MountingHole (at 0 3.2) (layer F.Fab)
      (effects (font (size 1 1) (thickness 0.15)))
    )
    (fp_circle (center 0 0) (end 2.45 0) (layer F.CrtYd) (width 0.05))
    (fp_circle (center 0 0) (end 2.2 0) (layer Cmts.User) (width 0.15))
    (fp_text user %R (at 0.3 0) (layer F.Fab)
      (effects (font (size 1 1) (thickness 0.15)))
    )
    (pad 1 np_thru_hole circle (at 0 0) (size 2.2 2.2) (drill 2.2) (layers *.Cu *.Mask))
  )

  (module Connector_USB:USB_Micro-B_Molex-105017-0001 (layer B.Cu) (tedit 5A1DC0BE) (tstamp 5F6848DE)
    (at 125.5085 82.98358 270)
    (descr http://www.molex.com/pdm_docs/sd/1050170001_sd.pdf)
    (tags "Micro-USB SMD Typ-B")
    (path /5F6BD00D)
    (attr smd)
    (fp_text reference J8 (at 0 3.1125 90) (layer B.SilkS)
      (effects (font (size 1 1) (thickness 0.15)) (justify mirror))
    )
    (fp_text value USB_B_Micro (at 0.3 -4.3375 90) (layer B.Fab)
      (effects (font (size 1 1) (thickness 0.15)) (justify mirror))
    )
    (fp_line (start -1.1 2.1225) (end -1.1 1.9125) (layer B.Fab) (width 0.1))
    (fp_line (start -1.5 2.1225) (end -1.5 1.9125) (layer B.Fab) (width 0.1))
    (fp_line (start -1.5 2.1225) (end -1.1 2.1225) (layer B.Fab) (width 0.1))
    (fp_line (start -1.1 1.9125) (end -1.3 1.7125) (layer B.Fab) (width 0.1))
    (fp_line (start -1.3 1.7125) (end -1.5 1.9125) (layer B.Fab) (width 0.1))
    (fp_line (start -1.7 2.3125) (end -1.7 1.8625) (layer B.SilkS) (width 0.12))
    (fp_line (start -1.7 2.3125) (end -1.25 2.3125) (layer B.SilkS) (width 0.12))
    (fp_line (start 3.9 1.7625) (end 3.45 1.7625) (layer B.SilkS) (width 0.12))
    (fp_line (start 3.9 -0.0875) (end 3.9 1.7625) (layer B.SilkS) (width 0.12))
    (fp_line (start -3.9 -2.6375) (end -3.9 -2.3875) (layer B.SilkS) (width 0.12))
    (fp_line (start -3.75 -3.3875) (end -3.75 1.6125) (layer B.Fab) (width 0.1))
    (fp_line (start -3.75 1.6125) (end 3.75 1.6125) (layer B.Fab) (width 0.1))
    (fp_line (start -3.75 -3.389204) (end 3.75 -3.389204) (layer B.Fab) (width 0.1))
    (fp_line (start -3 -2.689204) (end 3 -2.689204) (layer B.Fab) (width 0.1))
    (fp_line (start 3.75 -3.3875) (end 3.75 1.6125) (layer B.Fab) (width 0.1))
    (fp_line (start 3.9 -2.6375) (end 3.9 -2.3875) (layer B.SilkS) (width 0.12))
    (fp_line (start -3.9 -0.0875) (end -3.9 1.7625) (layer B.SilkS) (width 0.12))
    (fp_line (start -3.9 1.7625) (end -3.45 1.7625) (layer B.SilkS) (width 0.12))
    (fp_line (start -4.4 -3.64) (end -4.4 2.46) (layer B.CrtYd) (width 0.05))
    (fp_line (start -4.4 2.46) (end 4.4 2.46) (layer B.CrtYd) (width 0.05))
    (fp_line (start 4.4 2.46) (end 4.4 -3.64) (layer B.CrtYd) (width 0.05))
    (fp_line (start -4.4 -3.64) (end 4.4 -3.64) (layer B.CrtYd) (width 0.05))
    (fp_text user %R (at 0 -0.8875 90) (layer B.Fab)
      (effects (font (size 1 1) (thickness 0.15)) (justify mirror))
    )
    (fp_text user "PCB Edge" (at 0 -2.6875 90) (layer Dwgs.User)
      (effects (font (size 0.5 0.5) (thickness 0.08)))
    )
    (pad 6 smd rect (at -2.9 -1.2375 270) (size 1.2 1.9) (layers B.Cu B.Mask)
      (net 9 "Net-(J8-Pad6)"))
    (pad 6 smd rect (at 2.9 -1.2375 270) (size 1.2 1.9) (layers B.Cu B.Mask)
      (net 9 "Net-(J8-Pad6)"))
    (pad 6 thru_hole oval (at 3.5 -1.2375 270) (size 1.2 1.9) (drill oval 0.6 1.3) (layers *.Cu *.Mask)
      (net 9 "Net-(J8-Pad6)"))
    (pad 6 thru_hole oval (at -3.5 -1.2375 90) (size 1.2 1.9) (drill oval 0.6 1.3) (layers *.Cu *.Mask)
      (net 9 "Net-(J8-Pad6)"))
    (pad 6 smd rect (at -1 -1.2375 270) (size 1.5 1.9) (layers B.Cu B.Paste B.Mask)
      (net 9 "Net-(J8-Pad6)"))
    (pad 6 thru_hole circle (at 2.5 1.4625 270) (size 1.45 1.45) (drill 0.85) (layers *.Cu *.Mask)
      (net 9 "Net-(J8-Pad6)"))
    (pad 3 smd rect (at 0 1.4625 270) (size 0.4 1.35) (layers B.Cu B.Paste B.Mask))
    (pad 4 smd rect (at 0.65 1.4625 270) (size 0.4 1.35) (layers B.Cu B.Paste B.Mask)
      (net 2 GNDREF))
    (pad 5 smd rect (at 1.3 1.4625 270) (size 0.4 1.35) (layers B.Cu B.Paste B.Mask)
      (net 2 GNDREF))
    (pad 1 smd rect (at -1.3 1.4625 270) (size 0.4 1.35) (layers B.Cu B.Paste B.Mask)
      (net 5 +5V))
    (pad 2 smd rect (at -0.65 1.4625 270) (size 0.4 1.35) (layers B.Cu B.Paste B.Mask))
    (pad 6 thru_hole circle (at -2.5 1.4625 270) (size 1.45 1.45) (drill 0.85) (layers *.Cu *.Mask)
      (net 9 "Net-(J8-Pad6)"))
    (pad 6 smd rect (at 1 -1.2375 270) (size 1.5 1.9) (layers B.Cu B.Paste B.Mask)
      (net 9 "Net-(J8-Pad6)"))
    (model ${KISYS3DMOD}/Connector_USB.3dshapes/USB_Micro-B_Molex-105017-0001.wrl
      (at (xyz 0 0 0))
      (scale (xyz 1 1 1))
      (rotate (xyz 0 0 0))
    )
  )

  (module Inductor_SMD:L_Vishay_IHLP-1212 (layer F.Cu) (tedit 5990349D) (tstamp 5F677E2F)
    (at 99.11334 75.70724 180)
    (descr "Inductor, Vishay, IHLP series, 3.0mmx3.0mm")
    (tags "inductor vishay ihlp smd")
    (path /5F68883E)
    (attr smd)
    (fp_text reference L2 (at 0 -2.524) (layer F.SilkS)
      (effects (font (size 1 1) (thickness 0.15)))
    )
    (fp_text value IHLP1212BZER2R2M11 (at 0 3.024) (layer F.Fab)
      (effects (font (size 1 1) (thickness 0.15)))
    )
    (fp_line (start 2.35 -1.8) (end -2.35 -1.8) (layer F.CrtYd) (width 0.05))
    (fp_line (start 2.35 1.8) (end 2.35 -1.8) (layer F.CrtYd) (width 0.05))
    (fp_line (start -2.35 1.8) (end 2.35 1.8) (layer F.CrtYd) (width 0.05))
    (fp_line (start -2.35 -1.8) (end -2.35 1.8) (layer F.CrtYd) (width 0.05))
    (fp_line (start 1.624 1.624) (end 1.624 0.9) (layer F.SilkS) (width 0.12))
    (fp_line (start -1.624 1.624) (end 1.624 1.624) (layer F.SilkS) (width 0.12))
    (fp_line (start -1.624 0.9) (end -1.624 1.624) (layer F.SilkS) (width 0.12))
    (fp_line (start 1.624 -1.624) (end 1.624 -0.9) (layer F.SilkS) (width 0.12))
    (fp_line (start -1.624 -1.624) (end 1.624 -1.624) (layer F.SilkS) (width 0.12))
    (fp_line (start -1.624 -0.9) (end -1.624 -1.624) (layer F.SilkS) (width 0.12))
    (fp_line (start 1.524 -1.524) (end -1.524 -1.524) (layer F.Fab) (width 0.1))
    (fp_line (start 1.524 1.524) (end 1.524 -1.524) (layer F.Fab) (width 0.1))
    (fp_line (start -1.524 1.524) (end 1.524 1.524) (layer F.Fab) (width 0.1))
    (fp_line (start -1.524 -1.524) (end -1.524 1.524) (layer F.Fab) (width 0.1))
    (fp_text user %R (at 0 0) (layer F.Fab)
      (effects (font (size 0.7 0.7) (thickness 0.105)))
    )
    (pad 2 smd rect (at 1.35 0 180) (size 1.5 1.2) (layers F.Cu F.Paste F.Mask)
      (net 36 /APW_OUT))
    (pad 1 smd rect (at -1.35 0 180) (size 1.5 1.2) (layers F.Cu F.Paste F.Mask)
      (net 37 /LX))
    (model ${KISYS3DMOD}/Inductor_SMD.3dshapes/L_Vishay_IHLP-1212.wrl
      (at (xyz 0 0 0))
      (scale (xyz 1 1 1))
      (rotate (xyz 0 0 0))
    )
  )

  (module Resistor_SMD:R_0805_2012Metric_Pad1.15x1.40mm_HandSolder (layer F.Cu) (tedit 5B36C52B) (tstamp 5F65FF4F)
    (at 98.6573 87.16772)
    (descr "Resistor SMD 0805 (2012 Metric), square (rectangular) end terminal, IPC_7351 nominal with elongated pad for handsoldering. (Body size source: https://docs.google.com/spreadsheets/d/1BsfQQcO9C6DZCsRaXUlFlo91Tg2WpOkGARC1WS5S8t0/edit?usp=sharing), generated with kicad-footprint-generator")
    (tags "resistor handsolder")
    (path /5F6F9FFF)
    (attr smd)
